start=569.433333
speed=1.500000
