start=6.566667
speed=1.500000
volume=86.000000
