start=942.133333
speed=1.400000
volume=77.000000
sid=3
