start=28.366667
speed=1.400000
