start=459.633333
speed=1.400000
