start=469.052000
pause=yes
volume=66.000000
gamma=1
brightness=-10
contrast=7
saturation=10
