start=359.700000
speed=1.600000
pause=yes
volume=92.000000
