start=183.666667
speed=1.500000
