start=226.133333
speed=1.500000
volume=89.000000
