start=549.866667
speed=1.500000
volume=101.000000
audio-delay=0.100000
