start=738.400000
speed=1.300000
volume=112.000000
sid=3
