start=337.233333
speed=1.400000
sid=3
