start=878.133333
speed=1.800000
volume=93.000000
