start=460.133333
speed=1.400000
pause=yes
