start=150.000000
speed=1.500000
pause=yes
volume=89.000000
