start=289.133333
speed=1.500000
pause=yes
volume=84.000000
