start=387.166667
speed=1.400000
