start=203.166667
speed=1.300000
pause=yes
volume=96.000000
fullscreen=yes
