start=42.900000
speed=1.500000
volume=89.000000
