start=88.566667
speed=1.400000
