start=26.766667
speed=1.500000
volume=67.000000
