start=177.500000
speed=1.300000
volume=79.000000
fullscreen=yes
