start=513.166667
speed=1.400000
