start=7.366667
speed=1.400000
