start=288.966667
speed=1.300000
volume=71.000000
sid=3
