start=487.033333
speed=1.400000
