start=187.433333
speed=1.300000
volume=71.000000
sid=3
