start=492.700000
speed=1.500000
pause=yes
volume=62.000000
