start=146.733333
pause=yes
volume=122.000000
sid=3
