start=339.633333
speed=1.400000
