start=895.633333
speed=1.400000
volume=83.000000
sid=3
