start=69.000000
speed=1.400000
pause=yes
volume=62.000000
