start=2.866667
speed=1.400000
