start=477.394000
pause=yes
volume=66.000000
