start=579.566667
volume=116.000000
