start=781.800000
speed=1.400000
