start=448.000000
speed=1.400000
pause=yes
