start=366.600000
speed=1.400000
pause=yes
volume=54.000000
audio-delay=0.100000
