start=281.200000
speed=1.400000
sid=3
