start=273.533333
speed=1.400000
