start=875.800000
speed=1.500000
