start=3132.463000
volume=79.000000
gamma=1
brightness=-10
contrast=7
saturation=10
