start=5.300000
speed=1.400000
