start=1194.400000
speed=1.300000
volume=120.000000
fullscreen=yes
sid=3
