start=891.666667
volume=99.000000
sid=3
