start=219.966667
volume=103.000000
