start=93.533333
speed=1.500000
volume=114.000000
