start=692.700000
speed=1.200000
pause=yes
volume=93.000000
