start=50.000000
speed=1.400000
pause=yes
volume=39.000000
sid=no
