start=7.600000
speed=1.500000
volume=89.000000
