start=2.100000
speed=1.600000
volume=88.000000
