start=234.733333
speed=1.200000
pause=yes
volume=107.000000
sub-delay=0.100000
