start=658.966667
speed=1.300000
