start=280.566667
speed=1.400000
volume=39.000000
sid=no
