start=816.100000
volume=92.000000
