start=181.666667
volume=116.000000
