start=19.233333
speed=1.400000
volume=86.000000
