start=359.433333
speed=1.500000
pause=yes
volume=55.000000
