start=30.133333
speed=1.500000
pause=yes
volume=102.000000
