start=5244.939700
volume=47.000000
