start=786.900000
speed=1.600000
volume=61.000000
