start=436.033333
speed=1.700000
fullscreen=yes
