start=314.900000
speed=1.400000
