start=456.000000
speed=1.400000
