start=19.900000
speed=1.400000
