start=301.300000
speed=1.400000
