start=41.233333
speed=1.400000
pause=yes
volume=109.000000
