start=0.866667
speed=1.500000
