start=505.266667
speed=1.600000
volume=90.000000
