start=311.600000
speed=1.300000
volume=71.000000
sid=3
