start=434.000000
speed=1.400000
